1756311261.0836332
1756311261.0940843
1756311261.1044629
1756311261.1148229
1756311261.125208
1756311261.1357236
1756311261.1461616
1756311261.1565442
1756311261.1668737
1756311261.1771903
1756311261.1876633
1756311261.198071
1756311261.2093976
1756311261.2198095
1756311261.2301486
1756311261.240535
1756311261.2509167
1756311261.2613018
1756311261.2715642
1756311261.2818763
1756311261.29226
1756311261.302648
1756311261.313032
1756311261.3234239
1756311261.3338637
1756311261.3442633
1756311261.3546455
1756311261.3650296
1756311261.3754246
1756311261.3858438
1756311261.3962543
1756311261.4066515
1756311261.41703
1756311261.4273915
1756311261.4378304
1756311261.4482327
1756311261.458615
1756311261.4689724
1756311261.4793653
1756311261.48973
1756311261.500081
1756311261.5104866
1756311261.5209258
1756311261.5316622
1756311261.5425515
1756311261.5529802
1756311261.5633516
1756311261.5737834
1756311261.584344
1756311261.594819
1756311261.6052854
1756311261.6157043
1756311261.626147
1756311261.6365066
1756311261.6468995
1756311261.65739
1756311261.6677918
1756311261.6784124
1756311261.689089
1756311261.699482
1756311261.7098856
1756311261.7202287
1756311261.7306855
1756311261.7411306
1756311261.7514682
1756311261.7619016
1756311261.7723138
1756311261.7827687
1756311261.7931879
1756311261.8038175
1756311261.8144808
1756311261.825112
1756311261.8355594
1756311261.8459654
1756311261.8564112
1756311261.8668063
1756311261.8770635
1756311261.8873518
1756311261.8976688
1756311261.9079845
1756311261.9182093
1756311261.9284298
1756311261.9387348
1756311261.9490438
1756311261.959448
1756311261.9697182
1756311261.9800045
1756311261.9904118
1756311262.0008461
1756311262.0112941
1756311262.0216794
1756311262.0319433
1756311262.042254
1756311262.052471
1756311262.0627584
1756311262.073069
1756311262.0834718
1756311262.0939791
1756311262.1043146
1756311262.1146393
1756311262.1249528
1756311262.135243
1756311262.145533
1756311262.1558459
1756311262.1661406
1756311262.176686
1756311262.1870832
1756311262.197642
1756311262.2079551
1756311262.2181878
1756311262.228478
1756311262.2388947
1756311262.24927
1756311262.2596955
1756311262.2701156
1756311262.2804506
1756311262.2908995
1756311262.3011854
1756311262.3115635
1756311262.3220234
1756311262.3322988
1756311262.3426864
1756311262.3529732
1756311262.3633847
1756311262.3738008
1756311262.3842156
1756311262.3947062
1756311262.4051986
1756311262.415595
1756311262.426109
1756311262.436489
1756311262.4468176
1756311262.4572842
1756311262.4678595
1756311262.4781618
1756311262.4886146
1756311262.4993598
1756311262.510169
1756311262.520711
1756311262.5310707
1756311262.5416138
1756311262.5520742
1756311262.562478
1756311262.5729766
1756311262.5835354
1756311262.5938776
1756311262.6043875
1756311262.6148815
1756311262.6253679
1756311262.6357288
1756311262.6461084
1756311262.6565247
1756311262.666961
1756311262.6772344
1756311262.687773
1756311262.6981418
1756311262.708549
1756311262.7188587
1756311262.729132
1756311262.7395134
1756311262.7498822
1756311262.7602859
1756311262.7707074
1756311262.78134
1756311262.792137
1756311262.8024356
1756311262.8128061
1756311262.8231273
1756311262.8335097
1756311262.8439305
1756311262.854346
1756311262.864773
1756311262.8752043
1756311262.8855512
1756311262.89593
1756311262.9063618
1756311262.9167995
1756311262.927264
1756311262.937742
1756311262.9481146
1756311262.9585557
1756311262.9687996
1756311262.9790816
1756311262.9895103
1756311262.9999504
1756311263.0104032
1756311263.020934
1756311263.0312653
1756311263.0417004
1756311263.051966
1756311263.0623705
1756311263.0728335
1756311263.0832107
1756311263.09387
1756311263.10453
1756311263.1151574
1756311263.1255946
1756311263.135905
1756311263.1463175
1756311263.1567802
1756311263.1671133
1756311263.177416
1756311263.187816
1756311263.1982253
1756311263.2086935
1756311263.2189405
1756311263.229235
1756311263.239647
1756311263.25001
1756311263.2604396
1756311263.2709332
1756311263.2813108
1756311263.2917345
1756311263.3020246
1756311263.312421
1756311263.322863
1756311263.333243
1756311263.343676
1756311263.3541255
1756311263.3644767
1756311263.374931
1756311263.385243
1756311263.3959048
1756311263.406344
1756311263.417005
1756311263.427312
1756311263.437715
1756311263.448143
1756311263.458571
1756311263.4688528
1756311263.4791317
1756311263.4895341
1756311263.4999595
1756311263.5103629
1756311263.5208254
1756311263.5312688
1756311263.5416892
1756311263.551973
1756311263.5623434
1756311263.572663
1756311263.5831714
1756311263.5935853
1756311263.6039956
1756311263.6144428
1756311263.6248882
1756311263.6352003
1756311263.6455724
1756311263.6558652
1756311263.6662133
1756311263.6765966
1756311263.687104
1756311263.6975067
1756311263.70805
1756311263.7183855
1756311263.728617
1756311263.7391677
1756311263.7496166
1756311263.759995
1756311263.7703393
1756311263.7805827
1756311263.7909017
1756311263.8011198
1756311263.811441
1756311263.8217764
1756311263.8320167
1756311263.8423214
1756311263.85254
1756311263.8628547
1756311263.8731983
1756311263.8835206
1756311263.8938625
1756311263.90423
1756311263.9146364
1756311263.9250207
1756311263.9353287
1756311263.9457078
1756311263.9559805
1756311263.966292
1756311263.9765813
1756311263.9868903
1756311263.9972548
1756311264.0076013
1756311264.0178223
1756311264.028068
1756311264.0383024
1756311264.0485892
1756311264.0589216
1756311264.069148
1756311264.079383
1756311264.0897486
1756311264.1001158
1756311264.1104536
1756311264.120914
1756311264.131369
1756311264.1356094
1756311264.1422684
1756311264.1526523
1756311264.163047
1756311264.17335
1756311264.1837642
1756311264.1942112
1756311264.2047043
1756311264.2151132
1756311264.2255476
1756311264.235882
1756311264.246302
1756311264.2567425
1756311264.2671394
1756311264.2775056
1756311264.2879562
1756311264.298385
1756311264.3088236
1756311264.3191202
1756311264.329398
1756311264.339814
1756311264.3501923
1756311264.3606045
1756311264.3710916
1756311264.3814723
1756311264.3919146
1756311264.4021854
1756311264.4124892
1756311264.4228158
1756311264.4331408
1756311264.4434953
1756311264.4538898
1756311264.4644265
1756311264.4747891
1756311264.4851277
1756311264.4956422
1756311264.5061657
1756311264.5165315
1756311264.5268946
1756311264.5373862
1756311264.5478675
1756311264.5583167
1756311264.568619
1756311264.578978
1756311264.5894125
1756311264.599854
1756311264.6102955
1756311264.6208215
1756311264.6312296
1756311264.6417115
1756311264.6520672
1756311264.6625018
1756311264.6729863
1756311264.6833785
1756311264.6937776
1756311264.7042162
1756311264.7146366
1756311264.7251503
1756311264.7354765
1756311264.7458844
1756311264.756361
1756311264.76704
1756311264.7776423
1756311264.7883778
1756311264.7987988
1756311264.8092225
1756311264.819563
1756311264.8299072
1756311264.840328
1756311264.8505836
1756311264.8609748
1756311264.8714573
1756311264.8818698
1756311264.8923423
1756311264.9029732
1756311264.913409
1756311264.923875
1756311264.9341707
1756311264.94456
1756311264.954999
1756311264.9653547
1756311264.9757442
1756311264.9861424
1756311264.9965577
1756311265.006966
1756311265.017263
1756311265.0276225
1756311265.0380428
1756311265.0484483
1756311265.058813
1756311265.0693398
1756311265.0797188
1756311265.0903332
1756311265.100687
1756311265.1110373
1756311265.1214297
1756311265.131848
1756311265.1424224
1756311265.152802
1756311265.1631777
1756311265.1735651
1756311265.1839552
1756311265.194516
1756311265.2048779
1756311265.21525
1756311265.22565
1756311265.2359397
1756311265.2462907
1756311265.2566845
1756311265.2669938
1756311265.2773252
1756311265.2877424
1756311265.2981308
1756311265.308507
1756311265.3187573
1756311265.3289938
1756311265.3393574
1756311265.3497345
1756311265.3600717
1756311265.3706195
1756311265.3811083
1756311265.391851
1756311265.4024138
1756311265.4129722
1756311265.4234116
1756311265.4338686
1756311265.4442856
1756311265.4547465
1756311265.4652112
1756311265.4756222
1756311265.4860241
1756311265.496451
1756311265.5067399
1756311265.517066
1756311265.5274534
1756311265.5379834
1756311265.548454
1756311265.5588884
1756311265.5693014
1756311265.579628
1756311265.5900753
1756311265.6004102
1756311265.6107993
1756311265.621218
1756311265.631669
1756311265.6421895
1756311265.6526551
1756311265.6630883
1756311265.6735272
1756311265.6845076
1756311265.6951473
1756311265.7056012
1756311265.7159996
1756311265.7264595
1756311265.7369204
1756311265.7473383
1756311265.757751
1756311265.768019
1756311265.7783096
1756311265.788764
1756311265.7991602
1756311265.8095834
1756311265.8200407
1756311265.8303823
1756311265.8408356
1756311265.8511317
1756311265.861508
1756311265.8719306
1756311265.8824012
1756311265.8928578
1756311265.903284
1756311265.9137197
1756311265.924158
1756311265.9344804
1756311265.9449067
1756311265.9553666
1756311265.9658222
1756311265.976565
1756311265.9877646
1756311265.9981892
1756311266.0086038
1756311266.0191457
1756311266.0294683
1756311266.0398743
1756311266.0504353
1756311266.060872
1756311266.0712945
1756311266.081771
1756311266.0921886
1756311266.1027584
1756311266.1132262
1756311266.12364
1756311266.1343212
1756311266.1448846
1756311266.155294
1756311266.1657107
1756311266.1762974
1756311266.1869075
1756311266.1973403
1756311266.2077487
1756311266.218035
1756311266.2291305
1756311266.2399197
1756311266.25025
1756311266.2606745
1756311266.2710972
1756311266.2815247
1756311266.2919037
1756311266.3023043
1756311266.3127236
1756311266.3230164
1756311266.3333936
1756311266.343812
1756311266.35425
1756311266.3646815
1756311266.3751252
1756311266.385447
1756311266.395854
1756311266.406341
1756311266.416728
1756311266.4271653
1756311266.4376104
1756311266.44805
1756311266.4584923
1756311266.4689121
1756311266.4792724
1756311266.4897544
1756311266.500073
1756311266.5108552
1756311266.5213373
1756311266.5318527
1756311266.5423174
1756311266.5527718
1756311266.56319
1756311266.573508
1756311266.5838745
1756311266.5942829
1756311266.6047
1756311266.615096
1756311266.6255116
1756311266.635923
1756311266.6463792
1756311266.6568592
1756311266.6671638
1756311266.6776006
1756311266.6880858
1756311266.6985264
1756311266.7089581
1756311266.7193923
1756311266.7297375
1756311266.7401898
1756311266.7504969
1756311266.7608826
1756311266.771309
1756311266.781642
1756311266.7920644
1756311266.802494
1756311266.8132215
1756311266.8235373
1756311266.834126
1756311266.844616
1756311266.8549473
1756311266.8653085
1756311266.8757107
1756311266.8861365
1756311266.896576
1756311266.9069831
1756311266.9172697
1756311266.9276307
1756311266.9380107
1756311266.9484022
1756311266.9588234
1756311266.969271
1756311266.9797351
1756311266.990182
1756311267.000485
1756311267.0108447
1756311267.0212615
1756311267.0317209
1756311267.0421555
1756311267.0525758
1756311267.0630205
1756311267.0734332
1756311267.0837495
1756311267.0941179
1756311267.1044989
1756311267.1148677
1756311267.1252406
1756311267.135647
1756311267.1461847
1756311267.156565
1756311267.1670792
1756311267.1775
1756311267.1878517
1756311267.1882033
1756311267.1985915
1756311267.209002
1756311267.219291
1756311267.229708
1756311267.2401679
1756311267.2504578
1756311267.2608974
1756311267.2713597
1756311267.281807
1756311267.2922227
1756311267.3026445
1756311267.3131566
1756311267.323645
1756311267.3340693
1756311267.3444362
1756311267.3548696
1756311267.3651862
1756311267.375633
1756311267.3860931
1756311267.3965018
1756311267.406968
1756311267.4172485
1756311267.4278061
1756311267.4388146
1756311267.4492638
1756311267.459741
1756311267.4701884
1756311267.480499
1756311267.4908123
1756311267.5010805
1756311267.5113685
1756311267.521666
1756311267.5319912
1756311267.5424037
1756311267.5528471
1756311267.56326
1756311267.5736744
1756311267.583968
1756311267.5943217
1756311267.6047587
1756311267.6151183
1756311267.62552
1756311267.635976
1756311267.6464357
1756311267.656869
1756311267.6671312
1756311267.6775327
1756311267.6879501
1756311267.698327
1756311267.7087696
1756311267.7191548
1756311267.7294424
1756311267.7397118
1756311267.7502725
1756311267.7607315
1756311267.77124
1756311267.7817109
1756311267.7921157
1756311267.8024988
1756311267.8128796
1756311267.8231888
1756311267.8335621
1756311267.843962
1756311267.8544216
1756311267.8648608
1756311267.875274
1756311267.8856783
1756311267.8960829
1756311267.9064724
1756311267.9168181
1756311267.9271662
1756311267.937632
1756311267.9480464
1756311267.9584873
1756311267.9689445
1756311267.9792738
1756311267.989723
1756311268.0000412
1756311268.0104513
1756311268.020892
1756311268.0312862
1756311268.0416577
1756311268.0519629
1756311268.062558
1756311268.072903
1756311268.0832565
1756311268.0938365
1756311268.1041753
1756311268.1144989
1756311268.1248326
1756311268.1352153
1756311268.1456373
1756311268.1559327
1756311268.1662972
1756311268.176692
1756311268.1871068
1756311268.198992
1756311268.2093947
1756311268.219902
1756311268.2301898
1756311268.240838
1756311268.2510984
1756311268.2614589
1756311268.2717443
1756311268.282114
1756311268.2927167
1756311268.3032408
1756311268.3136275
1756311268.3240259
1756311268.3344374
1756311268.3451645
1756311268.3554883
1756311268.3661754
1756311268.3766994
1756311268.387534
1756311268.3979588
1756311268.4085326
1756311268.4190984
1756311268.4294395
1756311268.4397247
1756311268.4500635
1756311268.4604263
1756311268.4708292
1756311268.4812183
1756311268.4916196
1756311268.502149
1756311268.5125506
1756311268.523005
1756311268.533507
1756311268.5439978
1756311268.5544758
1756311268.5649147
1756311268.575364
1756311268.5858445
1756311268.5963216
1756311268.6066515
1756311268.6169899
1756311268.6275156
1756311268.6384418
1756311268.648859
1756311268.6592932
1756311268.669804
1756311268.6802063
1756311268.6908004
1756311268.7010658
1756311268.7114444
1756311268.7217495
1756311268.7321584
1756311268.7425888
1756311268.7530212
1756311268.7634716
1756311268.77388
1756311268.7843623
1756311268.7948244
1756311268.8052747
1756311268.8156
1756311268.8258576
1756311268.836316
1756311268.8468063
1756311268.8572388
1756311268.8675945
1756311268.8779302
1756311268.8883379
1756311268.8987703
1756311268.9094927
1756311268.9199116
1756311268.9303591
1756311268.94067
1756311268.9509392
1756311268.9613316
1756311268.9716718
1756311268.9821434
1756311268.9925914
1756311269.003027
1756311269.013434
1756311269.0238283
1756311269.0343232
1756311269.0448563
1756311269.0555158
1756311269.0659225
1756311269.076281
1756311269.0867708
1756311269.0971403
1756311269.1074927
1756311269.1178358
1756311269.1281273
1756311269.1385763
1756311269.148853
1756311269.1591547
1756311269.1695354
1756311269.1798937
1756311269.1902735
1756311269.2006252
1756311269.2110434
1756311269.2217534
1756311269.2328591
1756311269.243388
1756311269.2541666
1756311269.2644935
1756311269.2748582
1756311269.2851803
1756311269.2956939
1756311269.3061066
1756311269.316471
1756311269.3268878
1756311269.3372388
1756311269.3475585
1756311269.3579388
1756311269.3684525
1756311269.378807
1756311269.389266
1756311269.3995817
1756311269.4099321
1756311269.4203694
1756311269.4308176
1756311269.4413488
1756311269.4517655
1756311269.4621277
1756311269.47247
1756311269.482815
1756311269.4931912
1756311269.5037954
1756311269.51435
1756311269.5248308
1756311269.5351915
1756311269.5456076
1756311269.5559993
1756311269.566338
1756311269.576687
1756311269.587114
1756311269.5974777
1756311269.6077957
1756311269.6180856
1756311269.6283073
1756311269.6386886
1756311269.6490104
1756311269.659327
1756311269.6696706
1756311269.680023
1756311269.6903613
1756311269.7007039
1756311269.7110136
1756311269.7213142
1756311269.731634
1756311269.7420142
1756311269.7523441
1756311269.7626843
1756311269.772987
1756311269.7833254
1756311269.793666
1756311269.8039887
1756311269.8143702
1756311269.8247702
1756311269.8351479
1756311269.8455641
1756311269.8562253
1756311269.8666327
1756311269.8773627
1756311269.8877747
1756311269.8981338
1756311269.908441
1756311269.9187331
1756311269.928965
1756311269.9393227
1756311269.9496586
1756311269.9599638
1756311269.970313
1756311269.9806037
1756311269.990922
1756311270.0012336
1756311270.0115364
1756311270.0218182
1756311270.0321145
1756311270.042425
1756311270.052928
1756311270.0633574
1756311270.0736747
1756311270.0840838
1756311270.094487
1756311270.1048682
1756311270.1151793
1756311270.1255012
1756311270.1359668
1756311270.146361
1756311270.156747
1756311270.167074
1756311270.1774192
1756311270.1877518
1756311270.1980934
1756311270.2084157
1756311270.2189894
1756311270.2294035
1756311270.2399836
1756311270.2412355
1756311270.2517107
1756311270.2620854
1756311270.2724526
1756311270.2828686
1756311270.2932715
1756311270.3036385
1756311270.3140006
1756311270.3243618
1756311270.3347983
1756311270.345174
1756311270.3554919
1756311270.365799
1756311270.3760927
1756311270.3865314
1756311270.3968694
1756311270.4071975
1756311270.4174948
1756311270.4278014
1756311270.4382021
1756311270.44853
1756311270.4589455
1756311270.4694543
1756311270.479852
1756311270.4902706
1756311270.500699
1756311270.5113108
1756311270.5217733
1756311270.532341
1756311270.5428011
1756311270.5532413
1756311270.563581
1756311270.5739255
1756311270.584319
1756311270.5946717
1756311270.6048856
1756311270.6151445
1756311270.6253917
1756311270.6357145
1756311270.6461298
1756311270.656459
1756311270.6666713
1756311270.6768854
1756311270.6871655
1756311270.6974826
1756311270.7077785
1756311270.718068
1756311270.7283065
1756311270.7385921
1756311270.7489693
1756311270.759245
1756311270.7695038
1756311270.779785
1756311270.790104
1756311270.8003843
1756311270.8105977
1756311270.820783
1756311270.8310106
1756311270.8412876
1756311270.851587
1756311270.8618946
1756311270.872277
1756311270.882702
1756311270.8930576
1756311270.9033246
1756311270.913633
1756311270.9239278
1756311270.9344797
1756311270.9449112
1756311270.9553685
1756311270.965735
1756311270.9760616
1756311270.9865298
1756311270.9968622
1756311271.007114
1756311271.0173764
1756311271.0276258
1756311271.0379052
1756311271.0483181
1756311271.0586622
1756311271.068923
1756311271.0792694
1756311271.0897624
1756311271.1001718
1756311271.110827
1756311271.1213546
1756311271.1317372
1756311271.1422255
1756311271.1527731
1756311271.1630814
1756311271.1736233
1756311271.1839697
1756311271.1944275
1756311271.204822
1756311271.215225
1756311271.225648
1756311271.2359746
1756311271.2466772
1756311271.257175
1756311271.2675917
1756311271.2779584
1756311271.2883222
1756311271.2987976
1756311271.3092341
1756311271.3196704
1756311271.3300207
1756311271.3403256
1756311271.350552
1756311271.3608906
1756311271.3712473
1756311271.3815937
1756311271.391961
1756311271.4023232
1756311271.4126754
1756311271.42299
1756311271.4332395
1756311271.4434493
1756311271.4536514
1756311271.4639423
1756311271.4742835
1756311271.4846277
1756311271.4949021
1756311271.5053818
1756311271.5158987
1756311271.526419
1756311271.536979
1756311271.547387
1756311271.5577369
1756311271.5680199
1756311271.578253
1756311271.5885525
1756311271.5988505
1756311271.6095269
1756311271.6200063
1756311271.6305053
1756311271.6407993
1756311271.6510828
1756311271.6613753
1756311271.6716654
1756311271.6820369
1756311271.6923473
1756311271.7026405
1756311271.7129412
1756311271.723229
1756311271.7335818
1756311271.7439215
1756311271.7542799
1756311271.7646055
1756311271.7749493
1756311271.7853808
1756311271.7957406
1756311271.8061156
1756311271.8164427
1756311271.8267488
1756311271.837093
1756311271.847421
1756311271.8577127
1756311271.8679936
1756311271.8782108
1756311271.8884869
1756311271.8987744
1756311271.9091275
1756311271.9193661
1756311271.9296346
1756311271.9399579
1756311271.950277
1756311271.9605734
1756311271.9709
1756311271.9812126
1756311271.9915075
1756311272.0019174
1756311272.0124183
1756311272.0227532
1756311272.0334287
1756311272.0438535
1756311272.054207
1756311272.064512
1756311272.0748029
1756311272.0852199
1756311272.0955524
1756311272.1060112
1756311272.1163974
1756311272.1267202
1756311272.137075
1756311272.1474192
1756311272.1577663
1756311272.1680722
1756311272.178333
1756311272.1886904
1756311272.1990051
1756311272.209343
1756311272.2196472
1756311272.2303343
1756311272.2408779
1756311272.251247
1756311272.2617197
1756311272.2722034
1756311272.282736
1756311272.293234
1756311272.3039248
1756311272.314315
1756311272.3249986
1756311272.3355818
1756311272.3460379
1756311272.3564432
1756311272.36676
1756311272.377033
1756311272.3873541
1756311272.3976789
1756311272.4080038
1756311272.418299
1756311272.428556
1756311272.4388893
1756311272.4492478
1756311272.45957
1756311272.469875
1756311272.4801474
1756311272.4904637
1756311272.5007906
1756311272.5111012
1756311272.5214176
1756311272.5316758
1756311272.5421102
1756311272.5524614
1756311272.5627878
1756311272.5731041
1756311272.5834439
1756311272.5938132
1756311272.6041622
1756311272.614469
1756311272.6247892
1756311272.6352096
1756311272.6457853
1756311272.6562498
1756311272.666629
1756311272.6772027
1756311272.6875536
1756311272.6979246
1756311272.7082949
1756311272.7186928
1756311272.7289846
1756311272.7392766
1756311272.7495716
1756311272.7598717
1756311272.770169
1756311272.7804015
1756311272.7906654
1756311272.8009517
1756311272.8112388
1756311272.821527
1756311272.831754
1756311272.8420296
1756311272.852318
1756311272.862612
1756311272.8729103
1756311272.8833435
1756311272.8937051
1756311272.904034
1756311272.9143353
1756311272.9246469
1756311272.9348845
1756311272.945079
1756311272.9553292
1756311272.9656153
1756311272.9759526
1756311272.986315
1756311272.9966722
1756311273.0069807
1756311273.0172722
1756311273.0275373
1756311273.0378203
1756311273.0481184
1756311273.0584054
1756311273.0687168
1756311273.0789857
1756311273.0892584
1756311273.099558
1756311273.10985
1756311273.1204197
1756311273.1311038
1756311273.1416185
1756311273.1519616
1756311273.1623182
1756311273.1726923
1756311273.183115
1756311273.19352
1756311273.203854
1756311273.2141855
1756311273.224539
1756311273.2348635
1756311273.2452056
1756311273.255663
1756311273.2660189
1756311273.276441
1756311273.2868385
1756311273.2930675
1756311273.2974694
1756311273.3077993
1756311273.318118
1756311273.3283575
1756311273.3386478
1756311273.3489506
1756311273.3592498
1756311273.3695567
1756311273.3797915
1756311273.3900971
1756311273.4003859
1756311273.410681
1756311273.4209945
1756311273.4312263
1756311273.4415038
1756311273.4518285
1756311273.4621255
1756311273.4724898
1756311273.4830558
1756311273.493475
1756311273.504038
1756311273.514404
1756311273.5247972
1756311273.5352983
1756311273.5457091
1756311273.5560422
1756311273.566346
1756311273.5766861
1756311273.5870101
1756311273.5973735
1756311273.6076841
1756311273.6179738
1756311273.6282122
1756311273.6384416
1756311273.6487455
1756311273.659042
1756311273.66941
1756311273.6796877
1756311273.6899874
1756311273.7002985
1756311273.7105916
1756311273.7208726
1756311273.7311096
1756311273.7413995
1756311273.751684
1756311273.761966
1756311273.7722442
1756311273.7825441
1756311273.7928474
1756311273.803145
1756311273.813439
1756311273.8237245
1756311273.8340223
1756311273.8443139
1756311273.8546007
1756311273.8648512
1756311273.875272
1756311273.886063
1756311273.8964334
1756311273.9068234
1756311273.9171336
1756311273.9274418
1756311273.9377432
1756311273.9480376
1756311273.958359
1756311273.9686766
1756311273.9789348
1756311273.9892519
1756311273.9995508
1756311274.0098605
1756311274.020157
1756311274.0304193
1756311274.0407481
1756311274.0510747
1756311274.0613818
1756311274.0716903
1756311274.0819478
1756311274.092268
1756311274.102578
1756311274.11289
1756311274.123199
1756311274.1335125
1756311274.1438375
1756311274.1543279
1756311274.1648376
1756311274.1753974
1756311274.185988
1756311274.196491
1756311274.206967
1756311274.2173512
1756311274.227715
1756311274.2380736
1756311274.2487166
1756311274.259084
1756311274.2695205
1756311274.2799323
1756311274.2904003
1756311274.30087
1756311274.3112154
1756311274.3215628
1756311274.3318825
1756311274.3422296
1756311274.3527167
1756311274.3630571
1756311274.3733826
1756311274.383726
1756311274.3941875
1756311274.4045436
1756311274.414915
1756311274.4252572
1756311274.4355958
1756311274.4459383
1756311274.4562802
1756311274.4665856
1756311274.4769716
1756311274.487338
1756311274.497687
1756311274.508012
1756311274.5183234
1756311274.5286121
1756311274.5390992
1756311274.549543
1756311274.5599773
1756311274.5703852
1756311274.5809739
1756311274.591583
1756311274.6022005
1756311274.6126504
1756311274.623089
1756311274.633543
1756311274.6439893
1756311274.6544354
1756311274.66486
1756311274.6752772
1756311274.6857219
1756311274.6961627
1756311274.7066126
1756311274.7169626
1756311274.7273138
1756311274.737793
1756311274.7481797
1756311274.7585638
1756311274.7689002
1756311274.7792408
1756311274.7896085
1756311274.79994
1756311274.810279
1756311274.8205998
1756311274.8309884
1756311274.8413582
1756311274.851718
1756311274.862056
1756311274.8723905
1756311274.8827243
1756311274.8932712
1756311274.9036856
1756311274.9141345
1756311274.9245842
1756311274.9349587
1756311274.9453099
1756311274.95565
1756311274.9659576
1756311274.9762669
1756311274.9867263
1756311274.9971514
1756311275.0075006
1756311275.017828
1756311275.0280926
1756311275.0383964
1756311275.0487328
1756311275.0590334
1756311275.0693233
1756311275.0796173
1756311275.0899146
1756311275.1002243
1756311275.1105576
1756311275.1208389
1756311275.1311445
1756311275.1414392
1756311275.1517289
1756311275.1622117
1756311275.1727517
1756311275.1832228
1756311275.193744
1756311275.204271
1756311275.2146947
1756311275.2250862
1756311275.2358127
1756311275.2465847
1756311275.2570734
1756311275.267406
1756311275.277722
1756311275.288146
1756311275.2985632
1756311275.3089871
1756311275.3194008
1756311275.3297627
1756311275.3401828
1756311275.3505828
1756311275.3609793
1756311275.3713913
1756311275.3817554
1756311275.3921463
1756311275.4025044
1756311275.412899
1756311275.423257
1756311275.4336066
1756311275.4439423
1756311275.4542053
1756311275.4645088
1756311275.4748566
1756311275.4851742
1756311275.49547
1756311275.5057826
1756311275.5160756
1756311275.526422
1756311275.5369108
1756311275.5473118
1756311275.5576642
1756311275.568035
1756311275.5784445
1756311275.5889916
1756311275.5994012
1756311275.6097238
1756311275.6200461
1756311275.6302996
1756311275.6405911
1756311275.6509168
1756311275.6612115
1756311275.6714678
1756311275.681751
1756311275.6920724
1756311275.7024055
1756311275.7127464
1756311275.7229636
1756311275.7332904
1756311275.7436116
1756311275.7539058
1756311275.7642078
1756311275.7744145
1756311275.7847128
1756311275.7949226
1756311275.8051898
1756311275.815456
1756311275.8257535
1756311275.8360515
1756311275.8463688
1756311275.8565853
1756311275.866779
1756311275.8769703
1756311275.8873837
1756311275.8976676
1756311275.9079595
1756311275.9182692
1756311275.9285135
1756311275.9387398
1756311275.9490352
1756311275.9593086
1756311275.9695358
1756311275.9798434
1756311275.9902194
1756311276.0004966
1756311276.010872
1756311276.0215487
1756311276.0318632
1756311276.0424428
1756311276.052879
1756311276.0632756
1756311276.0735936
1756311276.084025
1756311276.0944328
1756311276.1048586
1756311276.115133
1756311276.1253715
1756311276.1357589
1756311276.1461546
1756311276.1565702
1756311276.1668756
1756311276.1772423
1756311276.187646
1756311276.198
1756311276.2084954
1756311276.21894
1756311276.2292767
1756311276.23976
1756311276.2502337
1756311276.2606466
1756311276.271008
1756311276.2813559
1756311276.2917564
1756311276.302216
1756311276.312585
1756311276.3229764
1756311276.3333364
1756311276.3438802
1756311276.3451807
1756311276.355578
1756311276.3658795
1756311276.376168
1756311276.3864841
1756311276.3968039
1756311276.4070907
1756311276.4173734
1756311276.4277482
1756311276.4381194
1756311276.4485006
1756311276.4587574
1756311276.4690413
1756311276.4793992
1756311276.48979
1756311276.5001967
1756311276.5105784
1756311276.5209887
1756311276.5313706
1756311276.5417805
1756311276.552158
1756311276.5624895
1756311276.572831
1756311276.5832348
1756311276.5935993
1756311276.603928
1756311276.614242
1756311276.624545
1756311276.6349256
1756311276.6453016
1756311276.6556509
1756311276.6661055
1756311276.6764657
1756311276.6874864
1756311276.6978297
1756311276.708158
1756311276.718529
1756311276.7287896
1756311276.7391257
1756311276.7494657
1756311276.7597704
1756311276.7700741
1756311276.7803178
1756311276.7906125
1756311276.8009043
1756311276.8112009
1756311276.8214898
1756311276.831785
1756311276.8420768
1756311276.852363
1756311276.8626547
1756311276.8729377
1756311276.8833714
1756311276.89372
1756311276.9040344
1756311276.9143536
1756311276.9246676
1756311276.9349859
1756311276.9452972
1756311276.9556494
1756311276.9659464
