1756356482.2089188
1756356482.2192984
1756356482.229696
1756356482.2400768
1756356482.2504952
1756356482.260924
1756356482.2714145
1756356482.2820263
1756356482.2923985
1756356482.3029203
1756356482.3132877
1756356482.3236024
1756356482.3338509
1756356482.3441484
1756356482.3544428
1756356482.3647745
1756356482.3749962
1756356482.3852897
1756356482.395601
1756356482.405888
1756356482.416183
1756356482.426502
1756356482.4368405
1756356482.447143
1756356482.4574053
1756356482.467695
1756356482.4780157
1756356482.4883664
1756356482.49869
1756356482.5089371
1756356482.5192282
1756356482.5294871
1756356482.5397701
1756356482.550074
1756356482.56038
1756356482.5706816
1756356482.5809212
1756356482.591136
1756356482.601425
1756356482.6117206
1756356482.6220157
1756356482.632322
1756356482.64261
1756356482.652958
1756356482.6633458
1756356482.6737025
1756356482.6841252
1756356482.6947746
1756356482.7052207
1756356482.7158463
1756356482.7263224
1756356482.7367375
1756356482.7470706
1756356482.7573814
1756356482.7676861
1756356482.778001
1756356482.7883084
1756356482.7986164
1756356482.8088546
1756356482.819208
1756356482.8295288
1756356482.8399086
1756356482.8503213
1756356482.8607335
1756356482.8711145
1756356482.8815835
1756356482.8919287
1756356482.9023645
1756356482.9128773
1756356482.923281
1756356482.9336255
1756356482.9441216
1756356482.954522
1756356482.9649704
1756356482.9752958
1756356482.985667
1756356482.996125
1756356483.00654
1756356483.017303
1756356483.0281205
1756356483.0384812
1756356483.0489366
1756356483.0592313
1756356483.0695937
1756356483.079986
1756356483.0903547
1756356483.1007748
1756356483.111157
1756356483.1215305
1756356483.131832
1756356483.1421402
1756356483.15252
1756356483.162968
1756356483.1733682
1756356483.1838038
1756356483.1942437
1756356483.2047093
1756356483.2152789
1756356483.2255647
1756356483.2359903
1756356483.2464101
1756356483.2568362
1756356483.267326
1756356483.2777286
1756356483.2881174
1756356483.2985265
1756356483.308794
1756356483.3195689
1756356483.330022
1756356483.3404138
1756356483.3507707
1756356483.3611217
1756356483.371427
1756356483.3817387
1756356483.3919566
1756356483.4022653
1756356483.4126706
1756356483.4229786
1756356483.4332912
1756356483.4435828
1756356483.45388
1756356483.4642255
1756356483.4745216
1756356483.4848783
1756356483.495305
1756356483.5056698
1756356483.5160327
1756356483.5264
1756356483.5368636
1756356483.5473516
1756356483.5576882
1756356483.5680804
1756356483.5785139
1756356483.5889168
1756356483.5993721
1756356483.6097116
1756356483.6200447
1756356483.6303988
1756356483.6407905
1756356483.6511884
1756356483.6616106
1756356483.6720078
1756356483.6828818
1756356483.6935368
1756356483.7038875
1756356483.7142715
1756356483.724547
1756356483.7349572
1756356483.7453902
1756356483.7557685
1756356483.7661662
1756356483.776611
1756356483.7870603
1756356483.7974472
1756356483.8077657
1756356483.8181283
1756356483.8285248
1756356483.8388944
1756356483.8493655
1756356483.8598175
1756356483.8701856
1756356483.8806865
1756356483.8910131
1756356483.9014122
1756356483.9118388
1756356483.9222326
1756356483.932693
1756356483.943125
1756356483.9535265
1756356483.9639416
1756356483.974245
1756356483.9850605
1756356483.9956644
1756356484.0061662
1756356484.0165405
1756356484.02696
1756356484.0373752
1756356484.047797
1756356484.0580943
1756356484.0684772
1756356484.0788734
1756356484.0893223
1756356484.0998042
1756356484.1102269
1756356484.12059
1756356484.130944
1756356484.141203
1756356484.1515126
1756356484.1618574
1756356484.1721797
1756356484.1825109
1756356484.1928751
1756356484.203197
1756356484.2135863
1756356484.223954
1756356484.2343295
1756356484.2447448
1756356484.255105
1756356484.2654965
1756356484.275776
1756356484.2861154
1756356484.2965126
1756356484.3071651
1756356484.3175771
1756356484.3281636
1756356484.3385441
1756356484.3488915
1756356484.3591297
1756356484.369464
1756356484.3797297
1756356484.390054
1756356484.4004486
1756356484.4107862
1756356484.4211233
1756356484.4314742
1756356484.4417179
1756356484.4520469
1756356484.462393
1756356484.4727774
1756356484.4831753
1756356484.4935136
1756356484.503866
1756356484.5142303
1756356484.5244853
1756356484.5348241
1756356484.5451746
1756356484.5555131
1756356484.5658488
1756356484.576083
1756356484.5864143
1756356484.596793
1756356484.6071298
1756356484.6174862
1756356484.6278303
1756356484.6382651
1756356484.6486244
1756356484.6589282
1756356484.6692178
1756356484.6796484
1756356484.6899767
1756356484.7006094
1756356484.7110739
1756356484.7213864
1756356484.7317002
1756356484.7419658
1756356484.752297
1756356484.7626314
1756356484.77294
1756356484.7832615
1756356484.7935803
1756356484.8038883
1756356484.8142178
1756356484.824447
1756356484.8347683
1756356484.8450866
1756356484.8553836
1756356484.8657289
1756356484.8759742
1756356484.8862815
1756356484.8965971
1756356484.9069917
1756356484.917326
1756356484.9276738
1756356484.9381099
1756356484.948493
1756356484.9587514
1756356484.9690416
1756356484.979329
1756356484.9896328
1756356484.9999676
1756356485.0102804
1756356485.0206082
1756356485.030908
1756356485.0411549
1756356485.0514646
1756356485.0618536
1756356485.072176
1756356485.0825803
1756356485.09346
1756356485.1038814
1756356485.1142168
1756356485.1244385
1756356485.1348102
1756356485.1451416
1756356485.1554475
1756356485.165787
1756356485.1760187
1756356485.1863177
1756356485.196676
1756356485.206976
1756356485.217291
1756356485.227773
1756356485.2382169
1756356485.2487345
1756356485.259074
1756356485.260324
1756356485.2707596
1756356485.2812161
1756356485.2915576
1756356485.301996
1756356485.3123229
1756356485.3227165
1756356485.3331668
1756356485.343632
1756356485.3540175
1756356485.3643858
1756356485.3748684
1756356485.3853717
1756356485.3959436
1756356485.406385
1756356485.4167273
1756356485.4270518
1756356485.437496
1756356485.4478743
1756356485.4581394
1756356485.4684384
1756356485.47873
1756356485.489065
1756356485.499419
1756356485.5096483
1756356485.5199864
1756356485.5302966
1756356485.5406806
1756356485.5510526
1756356485.5614061
1756356485.5717638
1756356485.5822163
1756356485.5924885
1756356485.602803
1756356485.613165
1756356485.623518
1756356485.6338937
1756356485.6442485
1756356485.6545956
1756356485.6649625
1756356485.675209
1756356485.6854894
1756356485.6959035
1756356485.7062874
1756356485.7167153
1756356485.7271326
1756356485.7377336
1756356485.7481792
1756356485.7585475
1756356485.768964
1756356485.7792115
1756356485.789498
1756356485.7998087
1756356485.810168
1756356485.820494
1756356485.8307917
1756356485.84117
1756356485.8515866
1756356485.8620248
1756356485.8724349
1756356485.882853
1756356485.8933127
1756356485.9038224
1756356485.9142516
1756356485.9245708
1756356485.9349663
1756356485.945425
1756356485.9558146
1756356485.9662423
1756356485.9767013
1756356485.987139
1756356485.997576
1756356486.0078826
1756356486.0182793
1756356486.0286689
1756356486.0390706
1756356486.0495267
1756356486.0602431
1756356486.0709455
1756356486.0814269
1756356486.0916986
1756356486.1020544
1756356486.1124415
1756356486.1228206
1756356486.1332092
1756356486.1435757
1756356486.15397
1756356486.1643572
1756356486.1746156
1756356486.1849508
1756356486.1953356
1756356486.2057023
1756356486.216099
1756356486.2264774
1756356486.236877
1756356486.2473183
1756356486.2576308
1756356486.2681437
1756356486.278469
1756356486.288901
1756356486.2992868
1756356486.309648
1756356486.3205729
1756356486.3310552
1756356486.341374
1756356486.3517668
1756356486.3625114
1756356486.3731415
1756356486.3836672
1756356486.394095
1756356486.4045
1756356486.414914
1756356486.4251955
1756356486.43556
1756356486.4459536
1756356486.4563234
1756356486.4666839
1756356486.4770455
1756356486.4873755
1756356486.4977803
1756356486.5081098
1756356486.5184684
1756356486.5289757
1756356486.5393813
1756356486.5497768
1756356486.560221
1756356486.5706296
1756356486.5809731
1756356486.5912802
1756356486.6016624
1756356486.6120794
1756356486.62247
1756356486.6329446
1756356486.643354
1756356486.653759
1756356486.6642137
1756356486.6746132
1756356486.6852167
1756356486.6959012
1756356486.7063212
1756356486.7167742
1756356486.7272205
1756356486.7376702
1756356486.7481544
1756356486.758458
1756356486.7688751
1756356486.7792213
1756356486.7896297
1756356486.8000348
1756356486.8104427
1756356486.8208523
1756356486.831171
1756356486.8414838
1756356486.8518496
1756356486.862278
1756356486.8727055
1756356486.8831167
1756356486.8935301
1756356486.9039316
1756356486.9143465
1756356486.9246247
1756356486.9350677
1756356486.9455042
1756356486.9559069
1756356486.9663424
1756356486.9770224
1756356486.9876614
1756356486.9983048
1756356487.0087645
1756356487.0191586
1756356487.0294669
1756356487.0398393
1756356487.050257
1756356487.0608933
1756356487.0712752
1756356487.0816882
1756356487.092074
1756356487.1024354
1756356487.1127517
1756356487.1231008
1756356487.133517
1756356487.1442533
1756356487.1546693
1756356487.1650825
1756356487.175372
1756356487.1857913
1756356487.196299
1756356487.2067509
1756356487.2171876
1756356487.2276437
1756356487.2380571
1756356487.2484827
1756356487.2590806
1756356487.2699046
1756356487.280354
1756356487.2909644
1756356487.3013937
1756356487.3118374
1756356487.3222961
1756356487.3327892
1756356487.3431025
1756356487.353502
1756356487.3639503
1756356487.3743594
1756356487.384661
1756356487.3951144
1756356487.4055183
1756356487.4159114
1756356487.426181
1756356487.436563
1756356487.447001
1756356487.4574049
1756356487.4678059
1756356487.4782066
1756356487.488606
1756356487.499025
1756356487.5093
1756356487.5196493
1756356487.5299635
1756356487.5403497
1756356487.550751
1756356487.5614161
1756356487.5717978
1756356487.5822718
1756356487.5926626
1756356487.6029842
1756356487.6133282
1756356487.6236753
1756356487.6340191
1756356487.6443489
1756356487.654694
1756356487.665044
1756356487.675274
1756356487.6855977
1756356487.6959937
1756356487.706379
1756356487.716838
1756356487.7272687
1756356487.7376862
1756356487.7480567
1756356487.7583132
1756356487.768663
1756356487.779041
1756356487.789429
1756356487.799874
1756356487.8104362
1756356487.8208573
1756356487.8312106
1756356487.8415077
1756356487.8519113
1756356487.8623307
1756356487.8727357
1756356487.8831463
1756356487.8937342
1756356487.9044304
1756356487.915368
1756356487.9257042
1756356487.936096
1756356487.9465232
1756356487.9569244
1756356487.967314
1756356487.977722
1756356487.9881597
1756356487.9985812
1756356488.0088806
1756356488.0192554
1756356488.0295706
1756356488.0399697
1756356488.0503764
1756356488.0608087
1756356488.071198
1756356488.0815256
1756356488.091814
1756356488.1022067
1756356488.1127007
1756356488.123083
1756356488.133393
1756356488.143939
1756356488.1543193
1756356488.1648173
1756356488.1752546
1756356488.1856468
1756356488.1962159
1756356488.2067833
1756356488.2176912
1756356488.2282948
1756356488.2387025
1756356488.2489905
1756356488.2592366
1756356488.2695885
1756356488.2799904
1756356488.2903554
1756356488.300798
1756356488.311097
1756356488.3133633
1756356488.321836
1756356488.3323152
1756356488.342786
1756356488.3532455
1756356488.3636088
1756356488.3740103
1756356488.3844354
1756356488.3948708
1756356488.4052527
1756356488.415669
1756356488.42597
1756356488.4363396
1756356488.4467566
1756356488.4571478
1756356488.4675272
1756356488.477918
1756356488.4883113
1756356488.4986959
1756356488.5090997
1756356488.5196142
1756356488.530041
1756356488.5404096
1756356488.550787
1756356488.5611448
1756356488.571503
1756356488.5818489
1756356488.5921075
1756356488.6023934
1756356488.6127172
1756356488.623109
1756356488.6334536
1756356488.643873
1756356488.65428
1756356488.664712
1756356488.674976
1756356488.6854057
1756356488.695834
1756356488.7062588
1756356488.7166638
1756356488.7270935
1756356488.7375376
1756356488.7479827
1756356488.7582507
1756356488.7686663
1756356488.779031
1756356488.7893755
1756356488.7997808
1756356488.810035
1756356488.8203511
1756356488.8306274
1756356488.8409667
1756356488.8513331
1756356488.8617024
1756356488.8720522
1756356488.8825958
1756356488.893181
1756356488.903766
1756356488.9142082
1756356488.9246109
1756356488.9350061
1756356488.9454548
1756356488.955819
1756356488.9662333
1756356488.9765809
1756356488.987012
1756356488.9974003
1756356489.0076928
1756356489.0180871
1756356489.0284252
1756356489.0386934
1756356489.0490673
1756356489.0593626
1756356489.069719
1756356489.080061
1756356489.0904696
1756356489.1008976
1756356489.1112645
1756356489.1216393
1756356489.1319335
1756356489.142191
1756356489.1525416
1756356489.162949
1756356489.1733239
1756356489.1837606
1756356489.1941707
1756356489.2045486
1756356489.2152884
1756356489.2257068
1756356489.2362251
1756356489.2466629
1756356489.2569773
1756356489.267297
1756356489.2776935
1756356489.2880752
1756356489.29848
1756356489.3087664
1756356489.3193052
1756356489.3295991
1756356489.3399198
1756356489.3502572
1756356489.3606534
1756356489.3711903
1756356489.3816085
1756356489.3918958
1756356489.4022543
1756356489.4127529
1756356489.4231753
1756356489.4336019
1756356489.4440246
1756356489.4544313
1756356489.4648952
1756356489.4752672
1756356489.48563
1756356489.495994
1756356489.5065985
1756356489.5169823
1756356489.5273435
1756356489.537779
1756356489.5485287
1756356489.5590472
1756356489.5697181
1756356489.580062
1756356489.5903962
1756356489.6008515
1756356489.6113324
1756356489.6217158
1756356489.6320312
1756356489.6422994
1756356489.6526852
1756356489.6630414
1756356489.6733868
1756356489.6837482
1756356489.694086
1756356489.7044373
1756356489.7147858
1756356489.7250504
1756356489.7354012
1756356489.7458022
1756356489.7561545
1756356489.7664938
1756356489.7767751
1756356489.7871053
1756356489.7974477
1756356489.807807
1756356489.8181765
1756356489.8284514
1756356489.8388057
1756356489.8491628
1756356489.8594077
1756356489.8697405
1756356489.8800726
1756356489.890422
1756356489.901045
1756356489.9114797
1756356489.9220943
1756356489.9323664
1756356489.9426696
1756356489.9529817
1756356489.9633129
1756356489.9736185
1756356489.9839303
1756356489.994226
1756356490.0045354
1756356490.014855
1756356490.0250614
1756356490.0353358
1756356490.0456579
1756356490.0559514
1756356490.0662603
1756356490.0764847
1756356490.0867517
1756356490.097071
1756356490.1073012
1756356490.1176863
1756356490.128037
1756356490.1383748
1756356490.1488938
1756356490.1592367
1756356490.169583
1756356490.1799488
1756356490.1903605
1756356490.2007983
1756356490.211201
1756356490.2216322
1756356490.2319534
1756356490.2422361
1756356490.2526708
1756356490.2630866
1756356490.2738044
1756356490.2845633
1756356490.2950606
1756356490.3053944
1756356490.31573
1756356490.3259876
1756356490.336315
1756356490.3466954
1756356490.3570569
1756356490.367437
1756356490.3778174
1756356490.3881786
1756356490.3985379
1756356490.4088197
1756356490.4191475
1756356490.429412
1756356490.4397516
1756356490.4501271
1756356490.4605148
1756356490.4709213
1756356490.4812121
1756356490.4915297
1756356490.5018604
1756356490.5122073
1756356490.5225544
1756356490.5328965
1756356490.5432403
1756356490.553577
1756356490.563928
1756356490.574277
1756356490.5846121
1756356490.5949702
1756356490.605288
1756356490.615608
1756356490.625818
1756356490.6361134
1756356490.646691
1756356490.6570857
1756356490.667601
1756356490.6780102
1756356490.6883214
1756356490.698758
1756356490.709058
1756356490.7194376
1756356490.7298121
1756356490.7401674
1756356490.7505322
1756356490.760893
1756356490.77123
1756356490.7815864
1756356490.7918622
1756356490.8021903
1756356490.8125446
1756356490.8228948
1756356490.8331897
1756356490.843551
1756356490.853886
1756356490.8642447
1756356490.8745694
1756356490.8848944
1756356490.895244
1756356490.905573
1756356490.9159918
1756356490.926378
1756356490.9368398
1756356490.9472663
1756356490.9576719
1756356490.968079
1756356490.9785414
1756356490.988974
1756356490.9996421
1756356491.0102932
1756356491.0208158
1756356491.0311627
1756356491.0414815
1756356491.0519063
1756356491.0623505
1756356491.0727878
1756356491.083215
1756356491.0936496
1756356491.1039915
1756356491.1143188
1756356491.1245432
1756356491.1348414
1756356491.1451807
1756356491.1554918
1756356491.165865
1756356491.1761436
1756356491.1864955
1756356491.1969137
1756356491.207304
1756356491.2176712
1756356491.2281215
1756356491.2385318
1756356491.248943
1756356491.2593946
1756356491.269801
1756356491.2803073
1756356491.2907274
1756356491.301209
1756356491.3116417
1756356491.32244
1756356491.3329334
1756356491.3432348
1756356491.3535862
1756356491.3639107
1756356491.365112
1756356491.3754296
1756356491.3858476
1756356491.39616
1756356491.4065285
1756356491.4169292
1756356491.4272459
1756356491.4376354
1756356491.4480493
1756356491.458331
1756356491.4687383
1756356491.479083
1756356491.4894505
1756356491.4999049
1756356491.5103521
1756356491.520798
1756356491.53112
1756356491.5415015
1756356491.5519357
1756356491.562324
1756356491.572682
1756356491.5830536
1756356491.5933995
1756356491.6037865
1756356491.614273
1756356491.624517
1756356491.6348643
1756356491.6454387
1756356491.6557672
1756356491.666085
1756356491.6764703
1756356491.6868415
1756356491.6972518
1756356491.7075696
1756356491.717974
1756356491.7282848
1756356491.7385988
1756356491.7489955
1756356491.7592957
1756356491.7696717
1756356491.7800238
1756356491.7903907
1756356491.8008428
1756356491.811286
1756356491.8216875
1756356491.8320675
1756356491.842362
1756356491.852734
1756356491.8631175
1756356491.8734791
1756356491.8838394
1756356491.8942668
1756356491.9047198
1756356491.9151778
1756356491.9254603
1756356491.9358048
1756356491.9461966
1756356491.956565
1756356491.967188
1756356491.9774592
1756356491.987803
1756356491.9983525
1756356492.0085762
1756356492.018954
1756356492.0292733
1756356492.0396657
1756356492.0501008
1756356492.0605037
1756356492.0708973
1756356492.0812337
1756356492.091487
1756356492.1018763
1756356492.112302
1756356492.122688
1756356492.133061
1756356492.1434863
1756356492.1538804
1756356492.1642575
1756356492.1745584
1756356492.1848087
1756356492.1951697
1756356492.2055407
1756356492.215943
1756356492.2262125
1756356492.2365813
1756356492.247005
1756356492.257377
1756356492.2677722
1756356492.2781143
1756356492.2884936
1756356492.2989316
1756356492.3092391
1756356492.319851
1756356492.3302543
1756356492.340698
1756356492.3510492
1756356492.3613908
1756356492.3718495
1756356492.3821797
1756356492.3924134
1756356492.4027023
1756356492.4130569
1756356492.4235032
1756356492.433739
1756356492.4440186
1756356492.4543161
1756356492.464691
1756356492.4750113
1756356492.4853234
1756356492.4956486
1756356492.5060594
1756356492.516406
1756356492.52677
1756356492.5372183
1756356492.5476425
1756356492.5579364
1756356492.568266
1756356492.5786939
1756356492.589086
1756356492.599492
1756356492.6098707
1756356492.6202402
1756356492.6305587
1756356492.6409333
1756356492.6512938
1756356492.6616688
1756356492.6720808
1756356492.6825323
1756356492.6928122
1756356492.7031565
1756356492.713899
1756356492.7242172
1756356492.7344496
1756356492.7447987
1756356492.7551064
1756356492.7654366
1756356492.7756472
1756356492.78605
1756356492.7964225
1756356492.806749
1756356492.8170671
1756356492.8273137
1756356492.8376079
1756356492.84792
1756356492.858124
1756356492.8683898
1756356492.8786535
1756356492.8889937
1756356492.899357
1756356492.9096348
1756356492.9199302
1756356492.9302213
1756356492.9405563
1756356492.950902
1756356492.9612377
1756356492.971565
1756356492.9818778
1756356492.9921157
1756356493.002447
1756356493.01283
1756356493.0231857
1756356493.033514
1756356493.0438805
1756356493.0542634
1756356493.0646176
1756356493.0748901
1756356493.0852368
1756356493.0959048
1756356493.106591
1756356493.11701
1756356493.1273308
1756356493.137681
1756356493.148022
1756356493.158266
1756356493.1685963
1756356493.1789207
1756356493.1892986
1756356493.1996913
1756356493.210065
1756356493.2204182
1756356493.2307096
1756356493.2410204
1756356493.251396
1756356493.2617786
1756356493.2721643
1756356493.2824683
1756356493.292723
1756356493.303067
1756356493.3134308
1756356493.3237722
1756356493.3340373
1756356493.3442633
1756356493.354589
1756356493.3649354
1756356493.3752038
1756356493.3856142
1756356493.396003
1756356493.4063194
1756356493.416701
1756356493.4269626
1756356493.4373605
1756356493.4477117
1756356493.4579303
1756356493.4684324
1756356493.4786959
1756356493.489178
1756356493.4995024
1756356493.509885
1756356493.5202494
1756356493.5305192
1756356493.5409267
1756356493.5513892
1756356493.5617898
1756356493.572154
1756356493.5825264
1756356493.5927541
1756356493.6030736
1756356493.6134229
1756356493.6237788
1756356493.6341314
1756356493.6444707
1756356493.6548016
1756356493.6651325
1756356493.6753595
1756356493.6857007
1756356493.6960447
1756356493.7063768
1756356493.7167103
1756356493.7269604
1756356493.737224
1756356493.7475443
1756356493.7578084
1756356493.7681296
1756356493.7784054
1756356493.788765
1756356493.7991126
1756356493.8093398
1756356493.8196404
1756356493.8299272
1756356493.8402638
1756356493.850646
1756356493.8613615
1756356493.8721237
1756356493.88265
1756356493.8929214
1756356493.9032788
1756356493.9136546
1756356493.9240344
1756356493.9344163
1756356493.9448328
1756356493.9552057
1756356493.9655771
1756356493.9758232
1756356493.9864657
1756356493.9968934
1756356494.0072596
1756356494.0176382
1756356494.0279315
1756356494.0382776
1756356494.0486908
1756356494.0589128
1756356494.0692449
1756356494.0795364
1756356494.0898871
1756356494.1002436
1756356494.1105733
1756356494.1209204
1756356494.131228
1756356494.141462
1756356494.1517963
1756356494.1622152
1756356494.1725895
1756356494.1831918
1756356494.1939192
1756356494.2043865
1756356494.2147515
1756356494.224989
1756356494.235332
1756356494.2457223
1756356494.2561195
1756356494.2664723
1756356494.2767582
1756356494.287112
1756356494.2974937
1756356494.3077576
1756356494.318118
1756356494.3284204
1756356494.338757
1756356494.3491297
1756356494.359376
1756356494.3697107
1756356494.3800218
1756356494.390391
1756356494.4008076
1756356494.4111733
1756356494.4174185
1756356494.421809
1756356494.432068
1756356494.4422786
1756356494.4525497
1756356494.4627497
1756356494.473012
1756356494.4833176
1756356494.493597
1756356494.5038831
1756356494.5141592
1756356494.5243793
1756356494.534618
1756356494.5448196
1756356494.5550892
1756356494.5654051
1756356494.5756218
1756356494.5861619
1756356494.596597
1756356494.6071026
1756356494.617463
1756356494.6276922
1756356494.6379762
1756356494.6482756
1756356494.658477
1756356494.6687589
1756356494.6789932
1756356494.6892667
1756356494.6995578
1756356494.7098186
1756356494.7201035
1756356494.730331
1756356494.740536
1756356494.750807
1756356494.7610962
1756356494.7713816
1756356494.7816775
1756356494.7918818
1756356494.8021476
1756356494.8124444
1756356494.822732
1756356494.8329718
1756356494.8432493
1756356494.8535402
1756356494.8638275
1756356494.8741167
1756356494.884354
1756356494.8946388
1756356494.9049277
1756356494.915197
1756356494.9253957
1756356494.935683
1756356494.9459784
1756356494.9562638
1756356494.9665513
1756356494.9767754
1756356494.9870524
1756356494.9973483
1756356495.00762
1756356495.0179067
1756356495.0282085
1756356495.038505
1756356495.0488582
1756356495.059105
1756356495.0694265
1756356495.0797756
1756356495.090261
1756356495.1008637
1756356495.1113203
1756356495.1216955
1756356495.1319926
1756356495.1422234
1756356495.1525676
1756356495.1629622
1756356495.17333
1756356495.183715
1756356495.194095
1756356495.2044683
1756356495.214824
1756356495.225048
1756356495.2353163
1756356495.245551
1756356495.2558937
1756356495.2662663
1756356495.276621
1756356495.287077
1756356495.297563
1756356495.3079214
1756356495.318283
1756356495.3285623
1756356495.3389041
1756356495.3492885
1756356495.3595476
1756356495.3699083
1756356495.3801913
1756356495.3905625
1756356495.4009361
1756356495.4112756
1756356495.4218118
1756356495.4322257
1756356495.442535
1756356495.4528353
1756356495.4633343
1756356495.4737232
1756356495.48407
1756356495.4944434
1756356495.5049706
1756356495.5156581
1756356495.5260017
1756356495.5364535
1756356495.5468767
1756356495.557267
1756356495.5676496
1756356495.5779552
1756356495.5882096
1756356495.5986426
1756356495.6089056
1756356495.6192534
1756356495.62956
1756356495.639916
1756356495.6503022
1756356495.66071
1756356495.6710854
1756356495.6814616
1756356495.6917207
1756356495.7020743
1756356495.7124405
1756356495.7227952
1756356495.733162
1756356495.7435176
1756356495.7538602
1756356495.7642188
1756356495.7744827
1756356495.7851558
1756356495.795808
1756356495.8062212
1756356495.8165288
1756356495.826765
1756356495.837031
1756356495.8473225
1756356495.8576274
1756356495.8679144
1756356495.8781686
1756356495.888527
1756356495.8988874
1756356495.9091203
1756356495.9194272
1756356495.9296913
1756356495.9400206
1756356495.9503715
1756356495.9607472
1756356495.9710858
1756356495.9814227
1756356495.9916627
1756356496.0019708
1756356496.0123065
1756356496.0226548
1756356496.0330591
1756356496.0433939
1756356496.0537467
1756356496.064089
1756356496.0743914
1756356496.0847719
1756356496.0951254
1756356496.10547
1756356496.1158233
1756356496.1260524
1756356496.1363766
1756356496.1467392
1756356496.1570847
1756356496.1674185
1756356496.1776812
1756356496.1882668
1756356496.1986215
1756356496.2089937
1756356496.219365
1756356496.2296712
1756356496.2399964
1756356496.2503893
1756356496.2607353
1756356496.27105
1756356496.2813451
1756356496.29157
1756356496.3018558
1756356496.3121676
1756356496.3225117
1756356496.3328831
1756356496.3432124
1756356496.3535545
1756356496.3639014
1756356496.3742528
1756356496.3846047
1756356496.3949962
1756356496.4053426
1756356496.4157019
1756356496.4259398
1756356496.436262
1756356496.4465966
1756356496.456933
1756356496.4672716
1756356496.477535
1756356496.4878674
1756356496.4982336
1756356496.5084755
1756356496.5187833
1756356496.529074
1756356496.5394223
1756356496.549779
1756356496.5601175
1756356496.5704696
1756356496.5811014
1756356496.5914333
1756356496.601929
1756356496.612357
1756356496.6226678
1756356496.632916
1756356496.6431756
1756356496.6534767
1756356496.6637712
1756356496.6740563
1756356496.684347
1756356496.694647
1756356496.7050207
1756356496.7153788
1756356496.725605
1756356496.7360113
1756356496.7464004
1756356496.7568614
1756356496.7672236
1756356496.777515
1756356496.7878597
1756356496.7982259
1756356496.8084693
1756356496.8187723
1756356496.8290598
1756356496.839422
1756356496.8497996
1756356496.8601706
1756356496.8705263
1756356496.88082
1756356496.8911147
1756356496.9014637
1756356496.9118433
1756356496.9222271
1756356496.9324899
1756356496.9426973
1756356496.9529636
1756356496.9632528
1756356496.973536
1756356496.9840043
1756356496.9943926
1756356497.004866
1756356497.0152526
1756356497.0254607
1756356497.0357404
1756356497.0460346
1756356497.056315
1756356497.0666022
1756356497.0768168
1756356497.0871315
1756356497.0974333
1756356497.107695
1756356497.117965
1756356497.128198
1756356497.138478
1756356497.1488023
1756356497.1590006
1756356497.169259
1756356497.1795046
1756356497.189783
1756356497.2000751
1756356497.2103524
1756356497.2207024
1756356497.2310026
1756356497.241272
1756356497.2515962
1756356497.2619364
1756356497.272267
1756356497.2825475
1756356497.2927654
1756356497.3030841
1756356497.3134212
1756356497.3237553
1756356497.3340597
1756356497.3442807
1756356497.3545952
1756356497.364925
1756356497.375144
1756356497.3854597
1756356497.395811
1756356497.4061668
1756356497.4165065
1756356497.426757
1756356497.4370632
1756356497.4476411
1756356497.4578876
1756356497.4683878
1756356497.470624
1756356497.4789429
1756356497.4892828
1756356497.499588
1756356497.5098805
1756356497.520167
1756356497.530403
1756356497.54071
1756356497.5510187
1756356497.5613112
1756356497.5715983
1756356497.5818977
1756356497.5921125
1756356497.6023948
1756356497.6127198
1756356497.6230123
1756356497.6332529
1756356497.643549
1756356497.6538467
1756356497.6641457
1756356497.6744003
1756356497.6847231
1756356497.695028
1756356497.7053149
1756356497.7156043
1756356497.7257957
1756356497.736183
1756356497.7464263
1756356497.7567232
1756356497.7670105
1756356497.777236
1756356497.7875233
1756356497.7978387
1756356497.8080728
1756356497.8183393
1756356497.8285737
1756356497.838784
1756356497.8490558
1756356497.8592489
1756356497.869507
1756356497.8798447
